[ 1.          0.1904137   0.10159042  0.02608986  0.09334642 -0.02275421
  0.00598579  0.0058193  -0.00393896  0.00106718  0.10357867  0.11128114
 -0.0038632  -0.00556242  0.11384552 -0.00573434  0.01602513  0.00930308
  0.11957809  0.01820842  0.12174005  0.12368389  0.12097579  0.02264435
  0.00543449  0.12844428  0.13304581  0.01873671  0.02309466  0.0191444
  0.00249022 -0.00245058  0.02755244  0.02175571  0.00811929  0.00561787
  0.01170681  0.00509233  0.14364706  0.1448488   0.02298829  0.03160235
  0.02902801  0.14471808  0.03323579  0.14331783  0.02163737  0.03638173
  0.02358566  0.15783647  0.01898573  0.04490278  0.03562788  0.05156311
  0.15431811  0.03999004  0.01983865  0.03999535  0.03296201  0.04978332
  0.05579737  0.0370149   0.02839638  0.03851741  0.04213018  0.04226269
  0.06249311  0.19991585  0.05951112  0.06057616  0.02746255  0.04907559
  0.0673369   0.03803951  0.0617817   0.21326847  0.05569938  0.04796029
  0.24729914  0.23334226  0.0649203   0.10706632  0.26203721  0.06080294
  0.06393229  0.10044746  0.09275888  0.07551415  0.29515862  0.09800687
  0.28372274  0.10788068  0.09771606  0.08483109  0.10545892  0.09034959
  0.09567345  0.16524225  0.17453529  0.1370749 ][ 1.90413702e-01  1.00000000e+00  2.91496789e-02 -4.85203925e-02
  9.02618833e-02  6.81654416e-02  5.29974690e-02  5.75318195e-02
 -2.12796978e-02  4.84487617e-02  9.18965025e-02  9.75643169e-02
 -2.01759478e-02  7.33486710e-02  1.03350965e-01  7.62280840e-02
  4.79083226e-02  4.26579399e-02  1.10237076e-01  4.37790351e-02
  1.13211782e-01  1.10616337e-01  1.11334869e-01  4.65084824e-02
  6.16145009e-02  1.17921555e-01  1.25042284e-01  5.58217471e-03
  3.91847183e-02  4.14006707e-03 -1.66369167e-02  4.64646336e-02
  4.03902912e-02  3.73821553e-02  5.20721267e-02  5.05751847e-02
 -1.57946360e-03  4.40674691e-02  1.26705569e-01  1.30733890e-01
  8.83927461e-03  1.45970739e-02  3.68380117e-02  1.29144225e-01
  1.73147251e-02  1.30546200e-01  2.74645802e-03  3.90732115e-02
  4.78670720e-02  1.44441465e-01  5.71892622e-03  3.33954465e-02
  1.67981852e-02  4.26267561e-02  1.45869941e-01  1.65239146e-02
  2.51567892e-02  2.40470200e-02  1.17146032e-02  3.34185114e-02
  3.42660343e-02  2.58121835e-02  2.08624937e-02  1.05369474e-02
  2.72444567e-02  1.58194744e-02  2.03094566e-02  1.83994406e-01
  2.54165380e-02  3.60118390e-02 -6.63829710e-03  3.20622883e-02
  1.34686187e-02  2.16321876e-02  4.28590822e-02  2.10369851e-01
 -9.70591183e-04  3.11385869e-02  2.26910674e-01  2.21986760e-01
  4.28712847e-02  1.21626767e-02  2.45629782e-01 -2.82370863e-02
  4.48455840e-02 -1.08774260e-02 -2.08422493e-02 -2.76224200e-02
  2.73685159e-01 -3.15888070e-02  2.74648658e-01 -1.16722198e-02
  6.36147400e-02 -4.65009903e-02 -4.71308117e-02 -6.81541350e-02
  7.85658030e-02 -4.41494964e-02 -2.68349582e-02  1.04188276e-01][ 0.10159042  0.02914968  1.          0.1519551   0.01052185  0.06549443
  0.11132404  0.11999309  0.07309364  0.11458255  0.0160016   0.00939824
  0.07253691  0.08311414  0.01454746  0.08152682  0.12422916  0.10887082
  0.02547232  0.11904465  0.02511454  0.01781153  0.02424679  0.12930771
  0.0699053   0.01883752  0.03480143  0.0699158   0.13263775  0.06505611
  0.05208288  0.06313794  0.14134011  0.12670646  0.06798341  0.06224337
  0.05009417  0.05487326  0.02509297  0.02960539  0.0623477   0.05982585
  0.14854117  0.02948591  0.06679531  0.02860639  0.05563637  0.15961672
  0.07721523  0.03615473  0.03795088  0.17639233  0.05311778  0.17974317
  0.02774896  0.05805657  0.04402235  0.05070151  0.15473376  0.04738802
  0.17835883  0.04935942  0.03878746  0.17442252  0.06225867  0.04662997
  0.20525676  0.07466498  0.05449248  0.04128308  0.02706107  0.02037303
  0.21908664  0.01703429  0.02373719  0.04785223  0.03578745  0.00199584
  0.0852001   0.07704419 -0.00238883  0.27552939  0.09459187  0.01723366
 -0.02235509  0.03150493  0.02757758  0.26907709  0.10974089  0.02976017
  0.10084671  0.29408043 -0.00504704  0.00977855  0.03162814  0.00529607
 -0.0426845   0.04249392  0.40745466 -0.06744293][ 2.60898636e-02 -4.85203925e-02  1.51955104e-01  1.00000000e+00
  4.72336007e-02  5.42301698e-02  9.04607921e-02  9.42017561e-02
 -3.15435584e-02  8.94627272e-02  4.56437179e-02  4.58695803e-02
 -3.06592650e-02  5.70594081e-02  4.26528426e-02  6.19258973e-02
  1.04167451e-01  9.57637672e-02  3.67133435e-02  9.83910148e-02
  4.08301449e-02  3.61245373e-02  3.55329447e-02  1.06448834e-01
  5.07551891e-02  3.13162357e-02  3.98600743e-02 -1.02471933e-02
  1.15877828e-01 -1.07615539e-02 -1.49355784e-02  4.50365514e-02
  1.17259362e-01  1.10006238e-01  5.08650418e-02  4.76328852e-02
 -3.98886662e-03  4.28710230e-02  1.78621672e-02  2.34337733e-02
  4.51949031e-03  5.96620277e-03  1.30727014e-01  2.10408127e-02
  1.40668878e-02  2.14991328e-02  7.42009736e-03  1.38511963e-01
  4.93368663e-02  2.10934684e-02 -6.97637050e-03  1.52641576e-01
  1.81321815e-02  1.54320514e-01  7.01678613e-03  2.31417336e-02
  2.70115057e-02  1.95361723e-02  1.39433216e-01  2.26706495e-02
  1.54892671e-01  3.03768343e-02  2.11408767e-02  1.59318711e-01
  3.90016241e-02  2.95668136e-02  1.80935206e-01  2.01778272e-02
  2.97640257e-02  5.19275281e-02  1.37031142e-02  3.79265229e-02
  1.95409106e-01  3.81258806e-02  4.61539610e-02 -3.13215723e-02
  6.11600885e-03  4.99438419e-02 -5.99942871e-03 -2.52746794e-02
  6.01679968e-02  2.41428359e-01 -1.29569322e-02 -7.86401863e-04
  5.72764264e-02  6.75275690e-03  1.73113681e-03  2.40104541e-01
 -1.73376984e-02  3.60643025e-04 -4.11600182e-02  2.62207957e-01
  1.03372262e-01 -7.05065688e-03 -3.38768072e-03 -1.27390076e-02
  9.45448232e-02  4.86331730e-03  3.56837654e-01  1.49339735e-01][0.09334642 0.09026188 0.01052185 0.0472336  1.         0.02219418
 0.02969679 0.03305256 0.02954625 0.02358765 0.0996091  0.10295392
 0.02431438 0.04051884 0.10422566 0.03717225 0.03777407 0.02502084
 0.10575808 0.03267904 0.10690642 0.10640926 0.1108156  0.03492259
 0.03589822 0.11099593 0.11631429 0.039451   0.03079905 0.03488332
 0.01958064 0.028288   0.0364334  0.02925543 0.03159884 0.02776369
 0.02367102 0.02834258 0.11531687 0.1140397  0.03281983 0.04364573
 0.0327393  0.11779592 0.0443412  0.11085454 0.0351679  0.03988487
 0.03845314 0.12145337 0.02542369 0.03849687 0.03851376 0.04097978
 0.11715804 0.03852338 0.0312577  0.04306086 0.02255417 0.04594565
 0.0437216  0.03798664 0.03344834 0.02296865 0.03948313 0.0384225
 0.03873687 0.1415193  0.05157411 0.04754925 0.02173256 0.03509409
 0.04233272 0.02715925 0.04055982 0.14081527 0.03698834 0.02742682
 0.16038364 0.15080952 0.03748764 0.05548102 0.17157348 0.02706958
 0.0323576  0.05323837 0.0464841  0.03098481 0.18300805 0.0463413
 0.1821217  0.04871539 0.04426014 0.03597602 0.04427023 0.0305794
 0.03945219 0.06587079 0.0668074  0.04575344][-0.02275421  0.06816544  0.06549443  0.05423017  0.02219418  1.
  0.01862669  0.02447326  0.02084015  0.01799134  0.01999184  0.02256318
  0.01934513  0.09641966  0.01772296  0.09404459  0.02239142  0.02019501
  0.02481605  0.01686188  0.02590782  0.02118119  0.02792277  0.02147204
  0.09650349  0.01875354  0.03043262  0.02679245  0.02013091  0.02898909
  0.01492127  0.09587495  0.01761481  0.01798519  0.10595406  0.09938714
  0.02196223  0.10450372  0.02399127  0.02466572  0.02613153  0.02788427
  0.02087847  0.01875195  0.03569321  0.01785173  0.02821223  0.031086
  0.10669999  0.02344799  0.01322286  0.02774516  0.02878425  0.02512393
  0.01444326  0.03588164  0.10379628  0.03342293  0.01183618  0.03335385
  0.02469269  0.12053956  0.11902366  0.01203319  0.12601045  0.12600454
  0.02348459  0.028729    0.13778597  0.03312776  0.12321991  0.02533095
  0.0231442   0.02647889  0.02991828  0.01711205  0.13721813  0.01785786
  0.02407395  0.02263845  0.03465283  0.02834898  0.03742468  0.14483783
  0.03363016  0.15980657  0.16330479  0.01873249  0.03507757  0.17193158
  0.03073111  0.02580997  0.04313613  0.16655926  0.17384608  0.17837607
  0.02993809  0.20203414  0.03675792  0.04517734][0.00598579 0.05299747 0.11132404 0.09046079 0.02969679 0.01862669
 1.         0.10949266 0.02444104 0.10018338 0.02772164 0.02420512
 0.02067719 0.03411336 0.02406734 0.03362075 0.1039606  0.10454691
 0.03405398 0.09882968 0.03073229 0.02698584 0.03730475 0.10982572
 0.0303461  0.02985867 0.0371025  0.03484896 0.11184942 0.02559579
 0.02094816 0.030967   0.11366809 0.10427089 0.02821165 0.03358219
 0.02759471 0.02553229 0.02329832 0.02929078 0.03347253 0.03125513
 0.11746944 0.0265101  0.04185118 0.0286976  0.03389993 0.12809257
 0.04034469 0.02822333 0.02817529 0.13233048 0.03390965 0.13756129
 0.02377085 0.03963996 0.02912249 0.0393129  0.11944095 0.0401727
 0.13591655 0.03646587 0.03024773 0.12917578 0.04179815 0.03721616
 0.14576024 0.04492314 0.04421934 0.04661552 0.02939016 0.03308597
 0.15319134 0.03372432 0.0394524  0.01215466 0.03468244 0.03092704
 0.04399605 0.0310608  0.0313786  0.1779306  0.04295984 0.03145598
 0.02419893 0.04491549 0.04336407 0.17370463 0.04979153 0.04978014
 0.03271106 0.18733814 0.04824402 0.04162807 0.05713553 0.04439713
 0.03224202 0.0750151  0.24266706 0.04751969][0.0058193  0.05753182 0.11999309 0.09420176 0.03305256 0.02447326
 0.10949266 1.         0.02811789 0.10839885 0.0361346  0.02935446
 0.02812808 0.03610091 0.02987352 0.04144933 0.11594164 0.10620508
 0.03443235 0.10561874 0.03863383 0.031858   0.03234398 0.11694937
 0.03549737 0.03063489 0.03914714 0.03609651 0.11955504 0.03318929
 0.02314712 0.03445937 0.12121733 0.11368314 0.03621695 0.03820336
 0.03066124 0.03126475 0.03098225 0.03088336 0.0419812  0.03920806
 0.12627306 0.02991092 0.04905149 0.03342968 0.03867817 0.13176917
 0.045562   0.03015098 0.02878353 0.14501384 0.04199669 0.14472468
 0.02473394 0.04647482 0.0316994  0.03905121 0.12198375 0.04561093
 0.14203247 0.03651777 0.03154719 0.13480035 0.0500579  0.04306016
 0.15808775 0.04810248 0.05206888 0.04865261 0.0312595  0.03794795
 0.15916588 0.03778334 0.04453347 0.01869842 0.03562819 0.03303489
 0.04852222 0.03322193 0.03666972 0.18837723 0.05049345 0.04199386
 0.03559643 0.0529526  0.04591549 0.17676002 0.05143171 0.05439007
 0.04118884 0.19571055 0.05568135 0.04589191 0.062385   0.05218813
 0.03782184 0.08220381 0.25743736 0.05810036][-0.00393896 -0.0212797   0.07309364 -0.03154356  0.02954625  0.02084015
  0.02444104  0.02811789  1.          0.01989511  0.02922039  0.02343742
  0.09027109  0.02860486  0.01911162  0.02224774  0.01796519  0.01486747
  0.0264071   0.01886491  0.03079349  0.02975684  0.03561715  0.02443101
  0.02948349  0.02616985  0.03284818  0.10195016  0.01679257  0.10791127
  0.09768907  0.0233443   0.0295776   0.01688965  0.02457014  0.01792622
  0.09811749  0.01492424  0.02894098  0.03066424  0.10418251  0.11424383
  0.0223221   0.02716448  0.111225    0.02137768  0.1118319   0.02820393
  0.03069058  0.03516605  0.10810205  0.03432338  0.12996035  0.0317938
  0.02583621  0.12718187  0.01632548  0.12140229  0.02240274  0.13092634
  0.02447611  0.02655084  0.03347916  0.01028955  0.02818088  0.01781824
  0.02471569  0.03513082  0.03983064  0.14208962  0.0148851   0.13855148
  0.02361782  0.13310454  0.13684277  0.02414738  0.01653593  0.13881533
  0.04423392  0.02141443  0.15695067  0.04215242  0.03726648  0.02378359
  0.15803192  0.03953212  0.03486564  0.01941753  0.04936695  0.03144347
  0.03330603  0.03216604  0.18214965  0.03684583  0.0319116   0.02939175
  0.18802393  0.04174841  0.03899708  0.23317868][0.00106718 0.04844876 0.11458255 0.08946273 0.02358765 0.01799134
 0.10018338 0.10839885 0.01989511 1.         0.0258088  0.02423037
 0.02261943 0.0252188  0.02434747 0.03428082 0.10927373 0.10347538
 0.02796287 0.10218571 0.03036136 0.02480663 0.03041362 0.11276495
 0.03230293 0.0269445  0.03144647 0.03039745 0.11298975 0.03014338
 0.02365475 0.02756704 0.11626118 0.10739917 0.03125345 0.03550046
 0.02356061 0.0266647  0.01815866 0.02205567 0.03563427 0.02935775
 0.11876035 0.02505334 0.04180805 0.02648364 0.03015129 0.12839836
 0.04407088 0.02479378 0.0285058  0.13712944 0.03555552 0.13665033
 0.02059192 0.03816233 0.02535247 0.03748845 0.11807804 0.04118222
 0.13015263 0.03390072 0.02557592 0.12563648 0.04052391 0.03426958
 0.14625209 0.03951969 0.04059571 0.04931189 0.02514467 0.03316666
 0.15434124 0.032775   0.03754788 0.01286102 0.03144137 0.0309942
 0.0381906  0.02090799 0.03193037 0.18009888 0.03755644 0.03171585
 0.02761856 0.04414641 0.04207323 0.17278581 0.04234067 0.04430633
 0.03336188 0.18913572 0.05082969 0.03684809 0.04861782 0.04206461
 0.03342356 0.07074075 0.24492343 0.04833625][0.10357867 0.0918965  0.0160016  0.04564372 0.0996091  0.01999184
 0.02772164 0.0361346  0.02922039 0.0258088  1.         0.10907688
 0.02603911 0.02987622 0.10297971 0.02996435 0.03451342 0.02485816
 0.10708189 0.03418464 0.1116631  0.10984835 0.11235631 0.03526499
 0.03092563 0.11071142 0.11875432 0.03900769 0.02978912 0.03439549
 0.01884055 0.02200034 0.03403575 0.02922386 0.0290418  0.02427553
 0.02302983 0.0235093  0.11826376 0.11594666 0.03366097 0.04131951
 0.03347227 0.1185856  0.04064593 0.11389564 0.03133554 0.0360385
 0.03127311 0.12484172 0.02610406 0.04229275 0.04138949 0.0459938
 0.12105456 0.0399044  0.0242328  0.04170953 0.02315058 0.04445454
 0.04705667 0.03208395 0.02267782 0.02615225 0.03474792 0.02783538
 0.04256516 0.14206138 0.03611286 0.04571579 0.01106394 0.03331007
 0.04463107 0.02631063 0.04451532 0.14774152 0.02882819 0.02601432
 0.16460302 0.15899005 0.03360345 0.05967281 0.16878396 0.0217183
 0.03486815 0.04048383 0.03845163 0.03425561 0.18430762 0.03360503
 0.18522801 0.04880055 0.04569427 0.02564284 0.03372191 0.02033097
 0.03582493 0.05292773 0.07258462 0.04335445][0.11128114 0.09756432 0.00939824 0.04586958 0.10295392 0.02256318
 0.02420512 0.02935446 0.02343742 0.02423037 0.10907688 1.
 0.02020407 0.03059627 0.10704248 0.03113268 0.03063211 0.01847823
 0.11379895 0.02606905 0.11692531 0.11374494 0.11616434 0.03054198
 0.03192249 0.1171366  0.1259452  0.03496031 0.02562756 0.03482346
 0.01634216 0.02377439 0.0317126  0.02353099 0.03132304 0.02255221
 0.0256179  0.02394231 0.12367506 0.12195834 0.03302959 0.03835343
 0.02945062 0.12041106 0.04176072 0.11893586 0.02784609 0.0340996
 0.03421434 0.1311252  0.02734568 0.03457184 0.03544667 0.04162404
 0.12725437 0.03518522 0.02472778 0.0369121  0.01575088 0.045237
 0.0395934  0.02901769 0.0281159  0.0197412  0.03145141 0.03093325
 0.03849643 0.1535829  0.04059993 0.04123116 0.01500674 0.0320074
 0.03375715 0.01948722 0.0376793  0.15298236 0.03059007 0.02501043
 0.17457153 0.16336545 0.03061665 0.05011521 0.17968827 0.02283213
 0.02853546 0.04517526 0.03904119 0.02162837 0.19655076 0.03360484
 0.19059626 0.04372514 0.04145563 0.02770246 0.03646429 0.01880283
 0.03297181 0.05582315 0.06215583 0.04130365][-0.0038632  -0.02017595  0.07253691 -0.03065927  0.02431438  0.01934513
  0.02067719  0.02812808  0.09027109  0.02261943  0.02603911  0.02020407
  1.          0.03176705  0.01869144  0.02462797  0.02366667  0.01704361
  0.02713082  0.01373027  0.02531997  0.02404544  0.03471486  0.02546274
  0.02982918  0.02565374  0.02926099  0.10207286  0.01348244  0.10682675
  0.10276586  0.01882672  0.02835519  0.01410948  0.02389661  0.02446732
  0.10042696  0.01582688  0.02740686  0.02767734  0.10784188  0.1154984
  0.02527433  0.02412477  0.11534513  0.02219238  0.11356604  0.03052068
  0.03429912  0.02911029  0.11009822  0.02985889  0.12648316  0.02980058
  0.0215005   0.12879082  0.01736624  0.12064318  0.01749944  0.13263422
  0.02321947  0.03012875  0.03233004  0.01160582  0.02993926  0.0180586
  0.02111364  0.03506814  0.03987458  0.14848625  0.01915812  0.14252032
  0.02593619  0.13742658  0.1390363   0.02079793  0.01986991  0.14652033
  0.04157732  0.01825852  0.16173297  0.03478595  0.03854802  0.02457769
  0.16298016  0.03536932  0.04127397  0.01804394  0.04983969  0.03356951
  0.0293194   0.02885717  0.18844971  0.03649961  0.03128607  0.03177779
  0.19269231  0.04423847  0.03741044  0.24061319][-0.00556242  0.07334867  0.08311414  0.05705941  0.04051884  0.09641966
  0.03411336  0.03610091  0.02860486  0.0252188   0.02987622  0.03059627
  0.03176705  1.          0.03381888  0.11265677  0.03642232  0.02753534
  0.03632125  0.02990086  0.04354975  0.03169029  0.04092627  0.03514418
  0.11275511  0.03118728  0.04713792  0.04356409  0.03604067  0.04327687
  0.03075407  0.1081934   0.02703318  0.0278472   0.12267811  0.11455174
  0.03359316  0.11424623  0.03917662  0.03930664  0.04385466  0.04543677
  0.03505329  0.03082136  0.04979591  0.03046683  0.03871445  0.04891155
  0.12649391  0.04608377  0.02829217  0.03914089  0.0457499   0.04647879
  0.0261031   0.0568253   0.12279981  0.04991743  0.02579615  0.0511766
  0.04143645  0.13738434  0.13314401  0.02380373  0.14349495  0.14512804
  0.04331796  0.04989044  0.15816135  0.05721989  0.1364216   0.04221537
  0.04421502  0.04259566  0.04738413  0.03205715  0.15511762  0.03807143
  0.04436664  0.03840702  0.05181409  0.0493471   0.05868151  0.15912632
  0.05556197  0.1852636   0.18570518  0.03769673  0.06123627  0.19620592
  0.05530023  0.04657195  0.06672426  0.18774092  0.19977056  0.19860912
  0.04945393  0.23166092  0.06470051  0.0721679 ][0.11384552 0.10335097 0.01454746 0.04265284 0.10422566 0.01772296
 0.02406734 0.02987352 0.01911162 0.02434747 0.10297971 0.10704248
 0.01869144 0.03381888 1.         0.02966886 0.02914121 0.02135443
 0.10515496 0.0305905  0.11504915 0.11254174 0.11480105 0.02954901
 0.03440663 0.11664635 0.12065075 0.03198935 0.02946441 0.0308048
 0.01250693 0.0174521  0.03048712 0.027279   0.02666951 0.02354079
 0.01992003 0.0200608  0.12258061 0.12124643 0.03182246 0.03814858
 0.03257742 0.11933348 0.03731708 0.11979197 0.02251074 0.03631322
 0.03567574 0.12614879 0.02165992 0.03556382 0.03312543 0.04077254
 0.12246936 0.03428283 0.02526805 0.03091801 0.01953642 0.03313104
 0.04202631 0.03392041 0.02443399 0.02540068 0.03168541 0.03127598
 0.03794585 0.14652233 0.0373682  0.03664963 0.01543846 0.02378614
 0.03785394 0.01597673 0.02864825 0.14842279 0.02869905 0.01616332
 0.17194939 0.16261926 0.02403078 0.05538931 0.1766264  0.02544252
 0.02193628 0.04297741 0.0399445  0.02985639 0.19477487 0.03469515
 0.19305347 0.04534481 0.03063592 0.0259979  0.03387253 0.02004727
 0.0287857  0.05491468 0.06343371 0.03057799][-0.00573434  0.07622808  0.08152682  0.0619259   0.03717225  0.09404459
  0.03362075  0.04144933  0.02224774  0.03428082  0.02996435  0.03113268
  0.02462797  0.11265677  0.02966886  1.          0.03871909  0.03049891
  0.04126512  0.03610742  0.04256115  0.03449503  0.03883356  0.03965078
  0.11738211  0.03232542  0.04660924  0.03957002  0.03248415  0.03556154
  0.01718358  0.10629466  0.03506069  0.03331592  0.12199787  0.11767522
  0.02880903  0.12066529  0.03413542  0.038081    0.03353285  0.03439548
  0.03803792  0.031788    0.04448322  0.032815    0.0333397   0.04807507
  0.12644944  0.04318493  0.02050189  0.04664061  0.03665205  0.04912781
  0.0248381   0.04562194  0.1228583   0.04497341  0.02827332  0.04223179
  0.04430227  0.13945312  0.13500921  0.02777111  0.14221821  0.14868001
  0.04699512  0.04889448  0.15756804  0.04657321  0.14282218  0.03284935
  0.0495821   0.03380301  0.03878311  0.03195844  0.15550563  0.02164968
  0.04647549  0.0402625   0.04656562  0.05444712  0.06080026  0.16060856
  0.0403801   0.18365543  0.18541576  0.04784242  0.05687347  0.19518293
  0.05180729  0.05211452  0.05137852  0.1912356   0.20102012  0.20168257
  0.03514598  0.23494917  0.0742038   0.05320504][0.01602513 0.04790832 0.12422916 0.10416745 0.03777407 0.02239142
 0.1039606  0.11594164 0.01796519 0.10927373 0.03451342 0.03063211
 0.02366667 0.03642232 0.02914121 0.03871909 1.         0.10403934
 0.03791051 0.11049201 0.03347205 0.03363691 0.03727677 0.1168379
 0.03321499 0.03451301 0.04197983 0.03252402 0.11895574 0.02756199
 0.02208291 0.03324954 0.11916498 0.10996938 0.03048687 0.03165319
 0.02482419 0.02695655 0.03247192 0.030183   0.03542066 0.03624752
 0.12590972 0.03254756 0.04270567 0.03722682 0.0334244  0.12991366
 0.04747403 0.03341566 0.02782546 0.14074772 0.0395724  0.14324545
 0.02707658 0.04410317 0.02751675 0.03938392 0.1243244  0.0438231
 0.14061245 0.03768607 0.02866515 0.1335271  0.04785341 0.03736421
 0.15258658 0.05169189 0.04902082 0.05234713 0.02685118 0.03118705
 0.15518026 0.03232754 0.04268651 0.01999332 0.03224116 0.0318089
 0.0480905  0.0315994  0.03122331 0.18765699 0.05065099 0.03424208
 0.03176016 0.04893101 0.04744389 0.18038148 0.05524594 0.04886912
 0.0449992  0.20167337 0.05239607 0.04312002 0.05906179 0.04422387
 0.03137322 0.07652767 0.25313986 0.05240188][0.00930308 0.04265794 0.10887082 0.09576377 0.02502084 0.02019501
 0.10454691 0.10620508 0.01486747 0.10347538 0.02485816 0.01847823
 0.01704361 0.02753534 0.02135443 0.03049891 0.10403934 1.
 0.02575942 0.10174866 0.0269164  0.02371261 0.02458767 0.10332874
 0.03130809 0.0263535  0.02602748 0.01962222 0.1092863  0.01600944
 0.01470592 0.0237381  0.11403644 0.10416279 0.02525601 0.03070657
 0.01248391 0.02401417 0.01867255 0.02277147 0.0218222  0.02245404
 0.11999    0.02488789 0.03095039 0.02295197 0.02080907 0.12278598
 0.0336046  0.02073425 0.01533492 0.13326683 0.02578172 0.13516086
 0.01540189 0.03050732 0.0205552  0.02234383 0.11593597 0.02888224
 0.13109549 0.031512   0.02417497 0.1284251  0.03874122 0.03236139
 0.1403847  0.03937836 0.03673042 0.03371169 0.01952249 0.01800498
 0.1503416  0.02259267 0.02625545 0.00755562 0.02935598 0.01701262
 0.03106942 0.02236643 0.01868981 0.17737953 0.03330557 0.02796299
 0.01393547 0.03909208 0.0375565  0.17419222 0.03764757 0.04052217
 0.02840379 0.18267102 0.03482327 0.03630924 0.04701168 0.03749792
 0.01606692 0.06768159 0.23552627 0.02876819][0.11957809 0.11023708 0.02547232 0.03671334 0.10575808 0.02481605
 0.03405398 0.03443235 0.0264071  0.02796287 0.10708189 0.11379895
 0.02713082 0.03632125 0.10515496 0.04126512 0.03791051 0.02575942
 1.         0.0260454  0.1187564  0.11770353 0.12352869 0.04121066
 0.03842949 0.12322616 0.12817524 0.04266585 0.03350315 0.04269456
 0.02423011 0.02388811 0.03911007 0.0279014  0.03548066 0.03081559
 0.03151944 0.02862154 0.12378406 0.12691396 0.04151744 0.050886
 0.03547711 0.12176251 0.05028328 0.12405402 0.03549491 0.03982778
 0.03989479 0.13348599 0.03172086 0.03944842 0.04607373 0.04864866
 0.1299555  0.04735691 0.03124599 0.04777308 0.02330657 0.05603266
 0.04645723 0.03906152 0.03792921 0.02705586 0.04443147 0.03908612
 0.04175953 0.15424797 0.05265164 0.04933548 0.02434991 0.04032799
 0.04364668 0.03256996 0.05002487 0.15776139 0.03595556 0.03348995
 0.17340864 0.16395009 0.04213687 0.06287109 0.18150603 0.03433259
 0.04168596 0.05275091 0.04903555 0.03405958 0.20016624 0.04705849
 0.19591003 0.04477715 0.05149299 0.03592506 0.04628129 0.03072373
 0.04857066 0.07261791 0.07485466 0.05918272][0.01820842 0.04377904 0.11904465 0.09839101 0.03267904 0.01686188
 0.09882968 0.10561874 0.01886491 0.10218571 0.03418464 0.02606905
 0.01373027 0.02990086 0.0305905  0.03610742 0.11049201 0.10174866
 0.0260454  1.         0.03384268 0.028961   0.02970764 0.10881779
 0.03038495 0.02959772 0.03460731 0.02747667 0.1107826  0.02400589
 0.01668288 0.02530395 0.11325377 0.10480181 0.02536817 0.0258521
 0.01754054 0.02246043 0.02741025 0.02606417 0.03133918 0.02781814
 0.12089509 0.02579604 0.03591626 0.02751917 0.02882597 0.12422303
 0.04118498 0.02798885 0.01735556 0.13115625 0.03091507 0.13161226
 0.02251873 0.03308391 0.02342553 0.02982211 0.11778611 0.03189368
 0.13197219 0.03150229 0.02327003 0.12619489 0.04183428 0.03383883
 0.1463405  0.04520738 0.04002187 0.03521986 0.02164716 0.02302704
 0.1512068  0.02669728 0.03053768 0.01479618 0.02640247 0.02081307
 0.04501588 0.03135518 0.02670365 0.17830063 0.0482198  0.02886826
 0.01988617 0.04100756 0.03958929 0.16798756 0.05045999 0.04354732
 0.04044215 0.18165042 0.04177835 0.03353263 0.04535021 0.03544506
 0.0254237  0.06770148 0.24024018 0.03458775][0.12174005 0.11321178 0.02511454 0.04083014 0.10690642 0.02590782
 0.03073229 0.03863383 0.03079349 0.03036136 0.1116631  0.11692531
 0.02531997 0.04354975 0.11504915 0.04256115 0.03347205 0.0269164
 0.1187564  0.03384268 1.         0.11891258 0.12416094 0.0361515
 0.04067136 0.12217877 0.13385528 0.04467251 0.03349208 0.04008304
 0.0251517  0.02841351 0.03751098 0.02889077 0.03974847 0.03557398
 0.0292876  0.03189665 0.13061787 0.12779953 0.04149265 0.05015986
 0.03594841 0.12815893 0.05054251 0.12888271 0.03906645 0.04189825
 0.042368   0.14073021 0.03341462 0.04383044 0.04435623 0.0508945
 0.13304792 0.04472268 0.0340171  0.04727792 0.02422466 0.05166345
 0.04871558 0.04534796 0.03689216 0.02935543 0.04688842 0.04178328
 0.04624916 0.15877705 0.05033183 0.05239989 0.02610131 0.04043341
 0.04475998 0.02955211 0.04785803 0.16315759 0.04106553 0.03076994
 0.18064945 0.16900211 0.04204282 0.06400655 0.18837586 0.03675235
 0.03848045 0.05645317 0.05214957 0.03749718 0.20595706 0.05289787
 0.20247458 0.05275188 0.05404122 0.04352316 0.0532577  0.03936952
 0.04837233 0.07497344 0.07434599 0.05504534][0.12368389 0.11061634 0.01781153 0.03612454 0.10640926 0.02118119
 0.02698584 0.031858   0.02975684 0.02480663 0.10984835 0.11374494
 0.02404544 0.03169029 0.11254174 0.03449503 0.03363691 0.02371261
 0.11770353 0.028961   0.11891258 1.         0.12321236 0.03207947
 0.03272484 0.12135542 0.12659765 0.04029444 0.02898929 0.03581567
 0.01449019 0.02045892 0.03081025 0.02767487 0.02994246 0.02432331
 0.02446292 0.02341246 0.12587486 0.12575243 0.03298012 0.04042578
 0.03015802 0.12438805 0.04365979 0.12528681 0.03010006 0.03292254
 0.03867387 0.13703047 0.02618562 0.04372455 0.04152301 0.0488776
 0.13143093 0.03712353 0.02506066 0.03911159 0.02194649 0.04769992
 0.04020251 0.03299114 0.02489284 0.02164485 0.03599685 0.03391799
 0.03773461 0.15648143 0.03973378 0.04557466 0.0187219  0.03818682
 0.03800803 0.02589196 0.04273342 0.15804209 0.03376375 0.02574013
 0.18064849 0.17203715 0.03590064 0.05451016 0.18426527 0.02356292
 0.03011043 0.0440923  0.03651502 0.02930753 0.19922036 0.0358773
 0.19852193 0.04520094 0.04475986 0.02811741 0.03725954 0.02157212
 0.03901224 0.05945739 0.06689265 0.04766448][0.12097579 0.11133487 0.02424679 0.03553294 0.1108156  0.02792277
 0.03730475 0.03234398 0.03561715 0.03041362 0.11235631 0.11616434
 0.03471486 0.04092627 0.11480105 0.03883356 0.03727677 0.02458767
 0.12352869 0.02970764 0.12416094 0.12321236 1.         0.03938172
 0.03596594 0.12364321 0.13236275 0.04764062 0.03010512 0.04605534
 0.0306483  0.02630195 0.03884492 0.02946228 0.03498478 0.02966058
 0.03646267 0.03023573 0.13219215 0.12919584 0.047517   0.05238248
 0.03821289 0.13070994 0.05374706 0.13148491 0.04270873 0.04012076
 0.04324953 0.13955086 0.03693388 0.04579709 0.05045704 0.05364762
 0.13375281 0.05465864 0.02647766 0.05152396 0.0251995  0.06105519
 0.04847568 0.04066112 0.0330388  0.02689354 0.03991478 0.03598713
 0.04511299 0.16031491 0.05031399 0.05961662 0.02219597 0.04468301
 0.042298   0.03816758 0.05510381 0.16166749 0.03671507 0.03762817
 0.18330857 0.17278964 0.05003034 0.06233242 0.18895212 0.03104865
 0.04871527 0.04977662 0.04607861 0.03250911 0.20728908 0.04487987
 0.20578991 0.0498837  0.06444944 0.03222934 0.04598012 0.03023302
 0.05938951 0.07011271 0.07400046 0.07327336][0.02264435 0.04650848 0.12930771 0.10644883 0.03492259 0.02147204
 0.10982572 0.11694937 0.02443101 0.11276495 0.03526499 0.03054198
 0.02546274 0.03514418 0.02954901 0.03965078 0.1168379  0.10332874
 0.04121066 0.10881779 0.0361515  0.03207947 0.03938172 1.
 0.03507467 0.03247095 0.03599732 0.0313364  0.12053385 0.0330161
 0.02270634 0.02743773 0.12366352 0.11376586 0.03253959 0.03498241
 0.024046   0.02631942 0.03159374 0.02916231 0.03742821 0.03195658
 0.12847954 0.03358393 0.04241324 0.03163499 0.04025414 0.13608981
 0.04363455 0.03563377 0.02850352 0.14306119 0.04072721 0.14379294
 0.03066937 0.04463745 0.0241878  0.0395155  0.12471279 0.04536942
 0.14253395 0.03905902 0.03048789 0.13476506 0.0457328  0.03808309
 0.15804494 0.05593321 0.04689985 0.05093616 0.02684577 0.03630803
 0.1625454  0.03676062 0.04218988 0.02161563 0.0373212  0.02979025
 0.05132965 0.03568022 0.03687558 0.19268157 0.05011776 0.03310506
 0.03015951 0.05183092 0.04679316 0.1815406  0.05451203 0.05064291
 0.04306369 0.19532459 0.05320343 0.04451522 0.05339703 0.04591532
 0.03615572 0.07589941 0.25344367 0.05494111][0.00543449 0.0616145  0.0699053  0.05075519 0.03589822 0.09650349
 0.0303461  0.03549737 0.02948349 0.03230293 0.03092563 0.03192249
 0.02982918 0.11275511 0.03440663 0.11738211 0.03321499 0.03130809
 0.03842949 0.03038495 0.04067136 0.03272484 0.03596594 0.03507467
 1.         0.03330922 0.04726428 0.04144035 0.03207147 0.03981361
 0.02284245 0.11268519 0.03024093 0.03015577 0.12503785 0.11983954
 0.029418   0.12374546 0.0343479  0.0393597  0.03927905 0.03857258
 0.0372444  0.03108603 0.04934988 0.03025133 0.03668755 0.04551747
 0.1285382  0.04275541 0.02435693 0.04108475 0.03629731 0.04255829
 0.02744889 0.05143115 0.12794429 0.04582531 0.02862096 0.04564964
 0.0428393  0.13956581 0.13866169 0.02596907 0.15022291 0.15200284
 0.04200114 0.04065845 0.16320401 0.04999689 0.1431727  0.03627703
 0.04180296 0.03946679 0.04362713 0.0283597  0.16484787 0.02669298
 0.04272298 0.03737699 0.04920852 0.05004121 0.05652555 0.17051435
 0.04367214 0.19060269 0.19074209 0.03967199 0.05748704 0.20159444
 0.05411065 0.04459089 0.06299282 0.20022144 0.20551075 0.20928259
 0.04223344 0.2394131  0.06638816 0.06326136][0.12844428 0.11792156 0.01883752 0.03131624 0.11099593 0.01875354
 0.02985867 0.03063489 0.02616985 0.0269445  0.11071142 0.1171366
 0.02565374 0.03118728 0.11664635 0.03232542 0.03451301 0.0263535
 0.12322616 0.02959772 0.12217877 0.12135542 0.12364321 0.03247095
 0.03330922 1.         0.12825192 0.03573476 0.02958823 0.03146992
 0.01653552 0.02093631 0.03248394 0.02501148 0.02859693 0.02679919
 0.02214964 0.02312483 0.13054923 0.13474559 0.03683294 0.04057054
 0.02900445 0.12886116 0.04210694 0.12727585 0.02957722 0.03597941
 0.03087328 0.14008597 0.02302335 0.0419555  0.03895833 0.04492755
 0.13535759 0.03825894 0.02592532 0.04345938 0.02026793 0.04770513
 0.04371268 0.0327272  0.0240115  0.02393841 0.03283575 0.03096165
 0.03988733 0.15969904 0.04003879 0.04213236 0.01689724 0.0344906
 0.03646011 0.02776836 0.03872401 0.16405142 0.02918752 0.02167663
 0.17910691 0.17415452 0.03531968 0.05571447 0.19074176 0.02135935
 0.03050614 0.04203778 0.04156295 0.02432247 0.20601703 0.0342026
 0.20485407 0.03993036 0.04252901 0.02377345 0.03341174 0.0198105
 0.03645969 0.05777289 0.06519766 0.04547661][0.13304581 0.12504228 0.03480143 0.03986007 0.11631429 0.03043262
 0.0371025  0.03914714 0.03284818 0.03144647 0.11875432 0.1259452
 0.02926099 0.04713792 0.12065075 0.04660924 0.04197983 0.02602748
 0.12817524 0.03460731 0.13385528 0.12659765 0.13236275 0.03599732
 0.04726428 0.12825192 1.         0.04879811 0.03301694 0.03698452
 0.022742   0.03365521 0.04247343 0.03632481 0.03887519 0.03473704
 0.02922407 0.03128025 0.13489766 0.13495614 0.04195787 0.04929545
 0.04155141 0.13503924 0.05116024 0.13664707 0.03857648 0.04209694
 0.04694194 0.14734055 0.035244   0.04623619 0.0488319  0.05476733
 0.13933481 0.04551397 0.03505097 0.05138842 0.02535229 0.05637903
 0.04940146 0.04620499 0.04231345 0.03013135 0.05037536 0.0464938
 0.04566539 0.16842957 0.05785967 0.05225141 0.02859109 0.04478259
 0.04973496 0.03142113 0.05031798 0.17040918 0.04362682 0.03102123
 0.19506309 0.18344467 0.0427498  0.0667253  0.20118624 0.03968157
 0.04068753 0.06199687 0.05635349 0.03526666 0.21783063 0.05632375
 0.21556326 0.05290727 0.05363385 0.04805332 0.05833204 0.03652819
 0.04849366 0.08240346 0.07887164 0.05868886][ 0.01873671  0.00558217  0.0699158  -0.01024719  0.039451    0.02679245
  0.03484896  0.03609651  0.10195016  0.03039745  0.03900769  0.03496031
  0.10207286  0.04356409  0.03198935  0.03957002  0.03252402  0.01962222
  0.04266585  0.02747667  0.04467251  0.04029444  0.04764062  0.0313364
  0.04144035  0.03573476  0.04879811  1.          0.02197866  0.12662678
  0.11535545  0.03104269  0.03636103  0.02966966  0.03646151  0.0308749
  0.1107261   0.02503818  0.04129642  0.04330623  0.12204955  0.12897226
  0.03437155  0.04117543  0.13391302  0.03379139  0.12947105  0.03587133
  0.04718766  0.04566846  0.12526403  0.04427246  0.1464702   0.04452458
  0.0382333   0.14578086  0.03047524  0.14064879  0.02704368  0.15075664
  0.03762242  0.0432543   0.04305885  0.01649203  0.04373405  0.0356648
  0.03269787  0.05192059  0.05594338  0.16510499  0.02929105  0.1603501
  0.03731988  0.15365161  0.15542319  0.03892731  0.03384426  0.15785076
  0.06512995  0.04110362  0.17921501  0.05538765  0.05741433  0.04003475
  0.18261014  0.05455556  0.05652326  0.03284702  0.0755897   0.0526248
  0.05281146  0.0419277   0.20838835  0.05275665  0.04765369  0.04841432
  0.21605852  0.06742847  0.05723787  0.26613131][0.02309466 0.03918472 0.13263775 0.11587783 0.03079905 0.02013091
 0.11184942 0.11955504 0.01679257 0.11298975 0.02978912 0.02562756
 0.01348244 0.03604067 0.02946441 0.03248415 0.11895574 0.1092863
 0.03350315 0.1107826  0.03349208 0.02898929 0.03010512 0.12053385
 0.03207147 0.02958823 0.03301694 0.02197866 1.         0.01905877
 0.01197882 0.02517942 0.12686532 0.11629136 0.03046024 0.03620282
 0.01641867 0.02670889 0.02282217 0.02966561 0.02477374 0.02616161
 0.13284228 0.02932025 0.03364736 0.02944506 0.02547357 0.13656422
 0.03957782 0.02535827 0.01996584 0.14688843 0.0333447  0.15051277
 0.02219525 0.03358269 0.02523848 0.02827766 0.13111564 0.03126079
 0.14246726 0.03600773 0.02798065 0.14188122 0.04459078 0.03789289
 0.16101573 0.04375744 0.04422628 0.03593304 0.02495266 0.02156999
 0.16905086 0.02398509 0.03205667 0.01455722 0.03343148 0.01942479
 0.0447907  0.0326736  0.0192902  0.19440868 0.04629388 0.03309163
 0.01461585 0.04830492 0.04261649 0.19191545 0.04476124 0.04649237
 0.03569994 0.20151126 0.03701458 0.04042125 0.05112024 0.04422164
 0.02008689 0.07653095 0.26217687 0.0336236 ][ 0.0191444   0.00414007  0.06505611 -0.01076155  0.03488332  0.02898909
  0.02559579  0.03318929  0.10791127  0.03014338  0.03439549  0.03482346
  0.10682675  0.04327687  0.0308048   0.03556154  0.02756199  0.01600944
  0.04269456  0.02400589  0.04008304  0.03581567  0.04605534  0.0330161
  0.03981361  0.03146992  0.03698452  0.12662678  0.01905877  1.
  0.1182809   0.0288359   0.03650037  0.02432461  0.03390205  0.02962852
  0.11722428  0.02269487  0.03646545  0.0362413   0.1290738   0.13226141
  0.03189422  0.03269307  0.13643155  0.03243597  0.13696429  0.03734985
  0.04691861  0.04211465  0.12706415  0.03242142  0.14684493  0.03882142
  0.03191243  0.15102221  0.02805808  0.14042951  0.02640834  0.15439673
  0.03348641  0.03840184  0.04118129  0.01804986  0.04543177  0.02919128
  0.02982935  0.05070405  0.05140414  0.17288152  0.02361963  0.16440827
  0.03321698  0.15985029  0.1637075   0.03399198  0.02732949  0.16831575
  0.06079562  0.03659339  0.1833855   0.05030296  0.05259409  0.03465617
  0.19106339  0.05337324  0.05161866  0.02691972  0.06781504  0.04666588
  0.04613123  0.04023179  0.2178953   0.04724548  0.04587983  0.04325209
  0.22109875  0.06253289  0.04982432  0.27723307][ 0.00249022 -0.01663692  0.05208288 -0.01493558  0.01958064  0.01492127
  0.02094816  0.02314712  0.09768907  0.02365475  0.01884055  0.01634216
  0.10276586  0.03075407  0.01250693  0.01718358  0.02208291  0.01470592
  0.02423011  0.01668288  0.0251517   0.01449019  0.0306483   0.02270634
  0.02284245  0.01653552  0.022742    0.11535545  0.01197882  0.1182809
  1.          0.01845593  0.0271515   0.01336656  0.02089816  0.01659939
  0.11098708  0.01121448  0.02073006  0.02134146  0.11810893  0.12017567
  0.02191296  0.01993365  0.12013622  0.01593267  0.12281435  0.02739552
  0.02613067  0.02085615  0.11693601  0.02532034  0.13298851  0.02331443
  0.01370742  0.13923554  0.01217559  0.13037394  0.01773789  0.14128154
  0.02457865  0.02440373  0.02538999  0.00817514  0.02934983  0.01466425
  0.02326941  0.02733954  0.03985861  0.15720558  0.01181018  0.14929924
  0.0216842   0.14505454  0.14873274  0.01534988  0.00971846  0.15452558
  0.03380554  0.01020944  0.16990238  0.03609648  0.02839419  0.01798327
  0.174156    0.03746078  0.0316698   0.01956069  0.04099608  0.02672684
  0.02332708  0.02986782  0.20309991  0.03001703  0.02355085  0.02041071
  0.20810133  0.03322555  0.03442467  0.2553413 ][-0.00245058  0.04646463  0.06313794  0.04503655  0.028288    0.09587495
  0.030967    0.03445937  0.0233443   0.02756704  0.02200034  0.02377439
  0.01882672  0.1081934   0.0174521   0.10629466  0.03324954  0.0237381
  0.02388811  0.02530395  0.02841351  0.02045892  0.02630195  0.02743773
  0.11268519  0.02093631  0.03365521  0.03104269  0.02517942  0.0288359
  0.01845593  1.          0.02613941  0.02288623  0.11911842  0.11649429
  0.02038752  0.11625522  0.02499628  0.02755046  0.02659763  0.02406325
  0.03624156  0.02100467  0.03793795  0.01597837  0.02523703  0.04122735
  0.12508809  0.02952829  0.01401653  0.03860513  0.03001768  0.03783986
  0.01374663  0.03967995  0.12242548  0.03584724  0.02111349  0.03096198
  0.0392821   0.13776847  0.13409296  0.02407319  0.14485     0.147065
  0.03772149  0.03309346  0.15345764  0.03845821  0.14386484  0.02454516
  0.04212865  0.02393088  0.03567799  0.01585483  0.15642931  0.01615705
  0.02867537  0.02328025  0.03604896  0.04212402  0.03705635  0.16296284
  0.03484823  0.18209052  0.18485106  0.04009603  0.0293785   0.19551439
  0.03326787  0.03962898  0.04306419  0.1870473   0.19833979  0.20090444
  0.02702253  0.23129365  0.05656191  0.04290418][0.02755244 0.04039029 0.14134011 0.11725936 0.0364334  0.01761481
 0.11366809 0.12121733 0.0295776  0.11626118 0.03403575 0.0317126
 0.02835519 0.02703318 0.03048712 0.03506069 0.11916498 0.11403644
 0.03911007 0.11325377 0.03751098 0.03081025 0.03884492 0.12366352
 0.03024093 0.03248394 0.04247343 0.03636103 0.12686532 0.03650037
 0.0271515  0.02613941 1.         0.11843209 0.02529372 0.02837001
 0.02841731 0.0212046  0.03006617 0.03223017 0.04403253 0.03989054
 0.13380755 0.03289555 0.05072549 0.03437301 0.03829946 0.14036233
 0.03981578 0.03241664 0.031482   0.14865915 0.0478031  0.15203683
 0.02908914 0.05105978 0.02279937 0.04100536 0.13370325 0.04621105
 0.14756165 0.02982532 0.02310472 0.14425453 0.03972993 0.03017135
 0.16210578 0.05488475 0.03994184 0.05535106 0.02000838 0.03793915
 0.17173748 0.03808988 0.04674789 0.02390193 0.02497545 0.03673555
 0.05054499 0.0388142  0.04102396 0.19841397 0.0545676  0.02314204
 0.03249865 0.03806036 0.03706119 0.18878845 0.05828532 0.04050021
 0.04323103 0.20858232 0.06282513 0.03159938 0.04535222 0.03486816
 0.04469679 0.06622549 0.26789135 0.06331365][0.02175571 0.03738216 0.12670646 0.11000624 0.02925543 0.01798519
 0.10427089 0.11368314 0.01688965 0.10739917 0.02922386 0.02353099
 0.01410948 0.0278472  0.027279   0.03331592 0.10996938 0.10416279
 0.0279014  0.10480181 0.02889077 0.02767487 0.02946228 0.11376586
 0.03015577 0.02501148 0.03632481 0.02966966 0.11629136 0.02432461
 0.01336656 0.02288623 0.11843209 1.         0.02257566 0.02808569
 0.01800505 0.02449239 0.02290684 0.02734194 0.03002277 0.0272701
 0.12221566 0.02682573 0.03466976 0.02757997 0.02988232 0.12704506
 0.03675246 0.02551519 0.01773856 0.13953575 0.03104647 0.14131762
 0.02377459 0.03307874 0.01814515 0.02887047 0.12279855 0.03434264
 0.1375614  0.02723009 0.02060246 0.13582611 0.03628229 0.03510388
 0.15227741 0.04324141 0.03902671 0.03848954 0.0195905  0.02063329
 0.16011341 0.02177781 0.02753334 0.0146895  0.02876946 0.02258308
 0.0404298  0.02925352 0.02576261 0.18333638 0.03986138 0.02616546
 0.0191608  0.04215087 0.0358168  0.17646631 0.0487494  0.04065734
 0.03430767 0.19049864 0.03873332 0.03353461 0.0454162  0.03533497
